1124,1,321 
1124,1,823 
1124,2,120 
1125,1,58 
1125,1,486 
1125,4,250 
1126,1,430 
1126,3,259 
1126,3,700 
1127,1,182 
1127,1,636 
1127,4,257 
1128,1,851 
1128,4,47 
1129,2,579 
1130,1,209 
1130,2,808 
1130,3,37 
1130,3,269 
1130,3,862 
1130,5,64 
1131,1,395 
1132,1,930 
1132,2,655 
1133,1,799 
1133,1,815 
1133,2,139 
1133,2,920 
1133,3,777 
1133,4,104 
1134,1,652 
1134,2,545 
1134,2,815 
1134,3,210 
1134,3,913 
1134,5,392 
1135,1,90 
1135,2,409 
1135,3,804 
1135,3,821 
1136,1,846 
1136,2,305 
1136,3,974 
1137,2,206 
1137,3,766 
1137,4,283 
1137,4,784 
1137,5,432 
1138,1,835 
1138,3,929 
1139,2,930 
1140,4,737 
1140,4,774 
1140,5,100 
1141,1,189 
1141,4,327 
1142,1,601 
1142,2,799 
1142,3,282 
1142,3,427 
1142,4,652 
1142,5,971 
1143,1,945 
1143,5,746 
1144,1,84 
1144,1,407 
1144,1,631 
1144,1,691 
1144,3,111 
1144,3,324 
1144,4,138 
1145,1,590 
1145,2,744 
1145,5,123 
1145,5,772 
1146,1,272 
1146,1,553 
1146,4,865 
1146,5,237 
1147,2,432 
1147,2,442 
1147,2,698 
1148,1,139 
1148,2,207 
1148,2,753 
1148,3,627 
1148,5,292 
1148,5,417 
1149,2,926 
1150,1,414 
1150,2,659 
1150,2,683 
1150,2,800 
1150,3,286 
1150,5,810 
1151,3,246 
1151,3,861 
1151,3,921 
1151,5,612 
1152,3,565 
1152,3,916 
1152,5,950 
1153,1,481 
1153,2,857 
1153,2,933 
1154,1,378 
1154,1,690 
1154,1,939 
1154,2,725 
1154,4,397 
1154,5,595 
1154,5,767 
1155,1,369 
1155,3,556 
1155,3,630 
1155,4,924 
1155,5,894 
1157,1,16 
1157,1,969 
1157,5,297 
1157,5,804 
1157,5,813 
1157,5,921 
1157,5,940 
1158,2,275 
1158,3,919 
1158,4,164 
1158,5,339 
1159,1,69 
1159,2,176 
1159,4,963 
1159,5,274 
1159,5,828 
1160,3,442 
1160,5,840 
1160,6,4 
1161,1,183 
1161,1,234 
1161,2,440 
1161,3,720 
1161,4,102 
1161,4,685 
1161,5,394 
1162,2,514 
1162,3,330 
1162,3,829 
1163,1,415 
1163,1,447 
1163,2,325 
1163,2,696 
1163,2,999 
1163,3,226 
1163,3,367 
1164,1,967 
1164,2,119 
1164,2,421 
1164,3,755 
1164,4,603 
1164,4,643 
1165,1,70 
1165,1,87 
1165,1,974 
1165,2,727 
1165,2,908 
1165,3,21 
1165,3,47 
1165,3,650 
1165,3,823 
1165,4,678 
1165,5,210 
1165,5,289 
1166,1,562 
1166,1,681 
1166,1,826 
1166,1,925 
1166,3,133 
1166,4,440 
1166,4,843 
1167,3,8 
1167,3,595 
1168,1,436 
1168,2,397 
1168,4,275 
1168,5,996 
1169,2,116 
1169,4,654 
1169,5,834 
1170,1,956 
1170,2,6 
1170,2,148 
1170,3,460 
1170,4,624 
1170,4,696 
1170,5,196 
1170,5,933 
1171,1,837 
1171,2,948 
1171,3,352 
1171,3,727 
1171,4,380 
1172,2,607 
1172,3,805 
1172,3,878 
1172,5,63 
1173,3,201 
1174,2,42 
1174,2,886 
1174,4,707 
1174,5,29 
1175,2,52 
1175,5,53 
1176,1,91 
1176,1,626 
1176,2,188 
1176,2,193 
1176,2,219 
1176,4,548 
1176,5,305 
1176,5,490 
1176,5,679 
1177,1,384 
1177,3,487 
1177,5,962 
1178,1,522 
1178,2,554 
1178,3,103 
1178,5,766 
1179,2,941 
1179,3,273 
1179,3,792 
1179,5,603 
1180,1,918 
1180,5,56 
1181,2,387 
1181,2,966 
1181,3,212 
1181,3,634 
1181,4,710 
1181,4,959 
1182,1,478 
1182,2,111 
1182,2,376 
1182,3,439 
1182,4,114 
1182,4,819 
1183,3,358 
1183,5,433 
1184,1,128 
1184,4,950 
1185,1,735 
1185,1,771 
1185,2,499 
1185,3,954 
1185,4,125 
1185,4,245 
1186,1,360 
1186,3,562 
1186,4,234 
1186,4,310 
1186,5,59 
1187,2,470 
1187,4,565 
1187,4,593 
1187,4,672 
1188,3,314 
1188,3,764 
1188,5,170 
1189,3,396 
1189,3,505 
1189,3,735 
1189,5,952 
1190,1,898 
1190,5,467 
1191,1,452 
1191,2,363 
1191,4,842 
1191,5,420 
1192,2,287 
1192,3,802 
1193,2,23 
1193,4,212 
1193,4,445 
1193,5,349 
1194,2,1 
1195,1,80 
1195,4,301 
1195,5,298 
1196,1,767 
1196,4,181 
1196,4,721 
1196,4,921 
1197,3,308 
1197,3,950 
1197,4,162 
1198,1,260 
1198,1,312 
1198,2,177 
1198,2,713 
1199,1,186 
1199,2,195 
1199,2,671 
1199,3,684 
1199,4,33 
1199,4,49 
1199,4,772 
1199,5,435 
1199,5,482 
1200,3,583 
1200,3,870 
1200,4,358 
1201,4,405 
1201,4,422 
1202,1,356 
1202,2,877 
1202,4,499 
1202,4,998 
1203,1,705 
1203,1,920 
1203,2,296 
1203,3,408 
1203,5,2 
1204,1,656 
1204,1,792 
1204,3,495 
1205,1,836 
1205,3,658 
1205,4,353 
1205,5,784 
1206,2,405 
1206,4,513 
1206,5,85 
1206,5,690 
1206,5,985 
1207,1,223 
1207,2,7 
1207,3,32 
1207,4,1 
1207,4,259 
1208,1,761 
1208,1,829 
1208,2,984 
1208,4,650 
1208,5,243 
1209,2,594 
1209,3,4 
1209,4,27 
1209,4,80 
1209,5,312 
1209,5,533 
1209,5,537 
1209,5,754 
1210,3,994 
1210,4,352 
1211,1,827 
1211,2,262 
1211,4,913 
1212,1,254 
1212,1,514 
1212,2,787 
1212,2,934 
1212,4,668 
1212,4,801 
1212,4,882 
1213,1,348 
1213,2,538 
1213,3,844 
1214,1,669 
1214,1,893 
1214,2,740 
1214,2,750 
1214,3,795 
1214,4,954 
1215,1,745 
1215,2,373 
1216,1,597 
1216,2,223 
1216,2,906 
1216,3,69 
1217,2,564 
1217,3,65 
1217,3,136 
1217,5,71 
1218,1,165 
1218,1,962 
1218,4,306 
1219,1,555 
1219,2,133 
1219,2,424 
1219,2,686 
1219,3,743 
1219,5,22 
1220,2,408 
1220,3,603 
1220,4,990 
1220,5,167 
1220,5,625 
1221,4,585 
1221,5,899 
1222,1,789 
1222,2,299 
1223,2,51 
1223,4,508 
1223,5,769 
1224,2,309 
1224,2,446 
1224,2,997 
1224,4,726 
1224,5,742 
1225,1,89 
1225,5,457 
1226,1,303 
1226,2,721 
1226,3,162 
1226,3,203 
1226,3,337 
1226,3,475 
1226,5,247 
1227,1,289 
1227,3,742 
1227,4,718 
1228,1,63 
1228,3,589 
1228,3,961 
1228,4,436 
1228,5,732 
1229,1,397 
1229,3,834 
1229,4,346 
1229,4,813 
1230,1,309 
1230,3,40 
1230,5,760 
1231,1,222 
1231,2,202 
1231,3,458 
1231,4,122 
1231,4,392 
1231,5,696 
1231,5,848 
1232,1,423 
1232,2,682 
1232,4,73 
1233,1,314 
1233,2,902 
1233,3,155 
1234,3,179 
1234,3,457 
1234,4,281 
1234,4,767 
1234,5,188 
1235,2,94 
1235,2,898 
1235,3,35 
1235,3,448 
1236,2,937 
1236,3,146 
1236,3,468 
1236,5,20 
1236,5,153 
1236,5,719 
1237,1,343 
1237,1,958 
1237,2,381 
1237,4,118 
1237,5,570 
1238,3,422 
1238,5,935 
1239,1,15 
1239,1,779 
1239,1,810 
1239,2,687 
1239,3,384 
1239,3,732 
1240,2,25 
1240,4,191 
1240,4,606 
1240,4,628 
1240,4,850 
1240,5,364 
1241,4,534 
1241,5,518 
1242,1,922 
1242,2,366 
1242,2,504 
1243,2,982 
1243,3,546 
1244,1,105 
1244,1,464 
1244,2,352 
1244,3,303 
1244,5,805 
1245,1,570 
1245,3,935 
1246,1,297 
1246,3,983 
1247,1,349 
1247,2,29 
1247,2,830 
1247,5,137 
1248,2,258 
