259,4,612 
259,4,864 
260,3,956 
260,4,56 
260,4,687 
260,5,142 
261,2,47 
261,3,105 
261,4,326 
261,5,149 
261,5,164 
261,5,175 
261,5,567 
261,5,749 
262,3,926 
262,4,193 
263,1,334 
263,1,954 
263,3,375 
263,4,575 
263,5,352 
264,2,102 
264,2,684 
264,3,46 
264,5,231 
264,5,783 
265,5,446 
266,1,439 
266,3,723 
266,3,947 
266,3,969 
266,4,623 
266,4,651 
266,4,789 
266,5,460 
267,4,355 
267,5,842 
268,1,710 
268,3,224 
268,3,759 
268,4,107 
269,1,644 
269,5,663 
269,5,676 
270,2,128 
270,2,525 
270,2,534 
270,2,874 
270,5,812 
271,1,706 
271,2,451 
271,2,590 
271,2,728 
271,2,867 
271,3,544 
271,4,766 
272,1,469 
272,2,758 
272,5,32 
273,1,45 
273,3,423 
273,5,423 
273,5,673 
274,1,952 
274,2,905 
275,1,173 
277,2,519 
277,2,756 
277,3,609 
277,3,807 
277,5,225 
278,3,710 
279,2,938 
279,5,95 
280,1,813 
280,2,14 
280,2,597 
280,2,987 
280,5,107 
281,2,778 
281,2,864 
281,3,653 
281,4,61 
281,4,294 
281,4,876 
282,1,67 
283,1,490 
283,2,488 
283,4,509 
283,4,573 
283,5,87 
283,5,514 
283,5,721 
284,2,251 
285,2,818 
285,2,975 
285,4,262 
285,5,539 
285,5,739 
286,2,169 
286,2,472 
286,5,858 
287,2,24 
287,4,177 
287,4,948 
287,5,253 
287,5,841 
288,1,109 
288,1,997 
288,3,147 
288,3,998 
289,2,56 
289,2,76 
289,2,444 
289,3,191 
290,3,701 
290,3,993 
290,4,544 
290,5,98 
291,1,347 
291,1,629 
291,1,961 
291,2,383 
291,3,972 
291,5,758 
292,3,92 
293,3,447 
293,5,437 
293,5,464 
294,2,510 
294,2,880 
294,3,115 
294,5,553 
295,1,233 
295,1,947 
295,2,450 
295,3,730 
296,1,68 
296,2,537 
296,2,917 
296,3,886 
297,3,15 
297,3,724 
297,5,583 
298,5,731 
299,2,209 
299,2,768 
299,3,995 
300,1,207 
300,2,132 
300,4,976 
301,1,103 
301,1,111 
301,1,878 
301,3,132 
301,3,826 
301,5,547 
302,2,187 
302,2,270 
302,4,63 
302,4,739 
302,5,582 
302,5,798 
303,1,74 
303,1,718 
303,1,721 
303,3,987 
303,4,469 
303,4,973 
303,5,416 
303,5,656 
304,1,138 
304,1,588 
304,3,619 
304,4,556 
304,4,805 
304,5,544 
305,1,398 
305,2,178 
305,2,831 
305,3,128 
305,3,845 
305,5,949 
306,1,448 
306,5,197 
307,2,435 
307,2,669 
307,4,568 
308,1,543 
308,3,401 
308,3,429 
308,4,6 
308,4,586 
308,5,615 
309,2,458 
309,2,765 
310,1,772 
310,2,96 
310,2,145 
310,2,261 
310,2,652 
310,2,699 
310,3,79 
310,4,285 
310,4,837 
311,1,979 
311,2,507 
311,3,745 
311,4,106 
312,1,323 
312,1,426 
312,3,965 
312,4,92 
312,4,705 
312,4,734 
312,4,812 
313,1,487 
313,5,16 
314,1,717 
314,4,465 
314,5,163 
314,5,382 
314,5,975 
315,1,507 
315,1,551 
315,2,403 
315,5,217 
316,1,241 
316,1,692 
317,1,355 
317,3,52 
317,3,292 
317,3,753 
317,3,837 
317,5,173 
318,2,423 
318,2,719 
318,4,878 
318,5,35 
319,1,317 
319,2,215 
319,3,499 
319,3,555 
319,3,688 
320,3,56 
320,4,911 
320,5,681 
321,1,176 
321,4,704 
321,5,318 
321,5,777 
322,2,492 
322,3,781 
322,3,952 
323,3,718 
323,3,815 
323,3,906 
324,1,341 
324,1,630 
324,3,159 
324,3,982 
325,2,80 
325,4,186 
325,5,636 
326,2,324 
326,3,973 
326,4,15 
326,5,379 
326,5,592 
326,5,981 
327,1,620 
327,2,182 
327,5,469 
328,3,904 
328,5,272 
329,1,946 
329,2,521 
329,2,663 
329,2,936 
329,3,553 
329,3,927 
330,2,231 
330,3,687 
330,5,94 
331,2,53 
331,2,71 
331,4,200 
331,4,557 
331,4,616 
331,4,853 
331,5,342 
332,3,953 
333,1,160 
333,1,259 
333,1,306 
333,2,75 
333,2,843 
333,4,46 
333,4,371 
333,5,198 
333,5,286 
334,1,832 
334,2,475 
334,2,928 
334,3,523 
334,3,524 
335,2,393 
336,1,504 
336,1,808 
336,2,512 
336,4,381 
336,4,743 
336,5,276 
337,1,210 
337,1,671 
337,1,868 
337,2,692 
337,3,762 
337,4,317 
337,4,495 
337,5,957 
338,3,293 
339,1,98 
339,5,639 
340,2,273 
341,1,931 
341,3,591 
341,4,39 
341,5,180 
342,2,528 
343,1,548 
343,3,608 
343,3,696 
343,4,448 
343,4,674 
343,4,760 
343,5,330 
343,5,994 
344,1,202 
344,2,8 
344,3,820 
344,5,5 
345,1,88 
345,5,506 
345,5,580 
346,4,530 
348,1,227 
348,1,949 
348,2,805 
348,2,852 
348,3,399 
348,4,434 
348,5,755 
349,2,259 
349,3,301 
349,3,467 
349,4,129 
349,5,983 
350,1,833 
350,2,162 
350,2,609 
350,3,406 
350,5,666 
351,2,741 
351,4,811 
351,5,788 
351,5,844 
351,5,938 
352,1,104 
352,1,219 
352,1,921 
352,2,26 
352,2,608 
352,3,812 
352,4,989 
352,5,790 
352,5,905 
353,1,311 
353,1,637 
353,5,792 
354,1,249 
354,3,923 
355,1,263 
355,2,302 
355,2,630 
355,4,45 
356,2,823 
356,3,237 
356,4,630 
356,5,249 
357,2,620 
357,3,229 
357,3,976 
357,4,7 
357,5,797 
358,2,159 
358,3,353 
359,4,279 
359,5,331 
359,5,406 
360,1,674 
360,2,724 
360,3,186 
360,5,372 
360,5,997 
361,1,828 
361,2,22 
361,4,703 
361,5,948 
362,1,506 
362,2,149 
362,2,429 
362,2,502 
362,3,76 
362,4,13 
362,4,429 
362,5,770 
362,5,854 
363,1,47 
363,1,456 
363,1,547 
363,2,284 
363,3,194 
363,4,732 
363,5,497 
364,3,625 
364,4,425 
364,4,487 
364,4,576 
364,4,716 
364,5,672 
365,1,819 
365,2,862 
365,3,470 
366,5,279 
367,1,251 
367,3,351 
367,4,17 
367,4,480 
367,4,500 
367,4,930 
367,5,483 
367,5,922 
368,1,389 
368,1,765 
368,1,861 
368,3,465 
368,5,998 
369,1,591 
369,2,41 
369,3,414 
369,3,654 
369,4,219 
369,5,79 
370,2,826 
370,2,939 
370,3,315 
371,1,155 
371,1,760 
371,2,587 
371,3,636 
371,4,618 
371,4,700 
371,5,66 
371,5,964 
372,2,875 
372,2,945 
373,2,59 
373,2,339 
374,1,741 
374,2,33 
374,3,794 
375,5,593 
376,1,31 
376,1,363 
376,3,791 
376,5,999 
376,6,0 
377,2,257 
377,2,316 
377,4,909 
378,1,194 
378,1,465 
378,3,446 
378,5,587 
378,5,646 
379,1,624 
379,3,64 
379,3,202 
379,4,345 
379,4,832 
379,5,835 
379,5,874 
380,2,497 
380,3,717 
380,5,465 
381,2,179 
381,2,986 
381,3,383 
381,3,412 
