634,4,667 
634,5,531 
635,1,915 
635,2,882 
635,3,943 
635,5,10 
637,2,401 
637,2,734 
637,2,784 
637,3,598 
637,4,299 
637,4,525 
637,5,75 
637,5,425 
638,1,340 
638,2,151 
638,2,175 
638,4,537 
638,5,980 
639,2,378 
639,3,741 
639,3,760 
639,5,384 
639,5,801 
640,1,257 
640,3,483 
640,4,769 
640,4,835 
640,5,589 
641,4,972 
641,5,743 
642,1,285 
643,1,420 
643,1,579 
643,3,261 
643,3,809 
643,5,296 
643,5,414 
644,1,158 
644,4,937 
644,5,793 
644,5,881 
645,2,627 
645,3,751 
645,4,149 
645,4,619 
646,1,479 
646,1,768 
646,1,968 
646,3,125 
646,4,964 
647,1,894 
647,2,562 
647,3,884 
647,4,82 
647,4,166 
647,5,907 
648,3,359 
648,4,613 
648,5,34 
648,5,856 
649,4,658 
650,4,272 
650,4,357 
651,1,60 
651,1,133 
651,2,264 
651,5,439 
651,5,538 
652,1,655 
652,2,839 
652,4,940 
652,5,827 
653,4,741 
653,4,955 
653,5,621 
654,3,88 
654,5,38 
655,1,953 
655,2,589 
655,3,607 
655,4,768 
655,5,348 
655,5,704 
656,1,332 
656,1,528 
656,4,31 
656,4,406 
657,1,359 
657,1,703 
657,5,235 
658,5,617 
659,3,516 
659,4,401 
659,5,448 
660,3,66 
660,3,780 
661,1,850 
661,3,296 
661,3,891 
661,5,728 
662,1,225 
663,1,315 
663,1,641 
663,1,976 
663,2,353 
663,3,426 
663,5,61 
663,5,554 
664,1,171 
664,1,567 
664,1,762 
664,3,180 
664,4,558 
664,5,26 
664,5,376 
665,2,10 
665,3,96 
665,3,907 
665,4,740 
666,4,11 
666,5,263 
667,3,790 
667,4,912 
668,3,437 
668,4,915 
668,5,177 
668,5,992 
669,2,775 
669,4,382 
669,4,985 
669,5,89 
670,1,110 
670,2,452 
670,3,948 
670,4,363 
670,5,316 
671,1,319 
671,3,738 
671,4,775 
672,1,501 
672,1,549 
672,3,850 
672,5,27 
673,1,117 
673,1,769 
673,1,916 
673,2,189 
673,3,214 
673,5,581 
674,1,26 
674,3,435 
674,4,517 
675,1,329 
675,4,456 
675,5,911 
676,1,733 
676,2,455 
676,4,543 
677,3,761 
677,4,442 
677,4,829 
678,1,71 
678,1,484 
678,2,821 
678,3,45 
678,5,77 
678,5,285 
678,5,481 
678,5,824 
679,1,811 
679,3,36 
679,3,185 
679,3,254 
679,5,522 
679,5,871 
680,5,550 
681,1,739 
681,3,670 
681,4,516 
681,5,111 
682,2,763 
682,5,526 
682,5,689 
683,1,8 
683,2,341 
683,2,828 
683,3,413 
683,3,703 
683,5,199 
683,5,473 
684,2,486 
684,2,841 
684,3,280 
684,4,539 
684,5,248 
685,2,624 
685,3,207 
685,3,356 
685,3,370 
685,3,593 
686,2,530 
686,3,187 
686,5,902 
687,1,907 
687,2,122 
687,4,860 
687,5,270 
687,5,278 
687,5,875 
688,2,515 
688,2,717 
688,2,990 
688,2,998 
688,4,506 
688,5,782 
689,3,169 
689,4,278 
689,4,632 
689,5,162 
690,1,290 
690,3,29 
690,3,507 
690,3,960 
690,4,124 
690,4,169 
690,5,984 
691,2,0 
691,2,858 
691,3,118 
691,5,586 
692,1,993 
692,3,220 
692,3,233 
692,4,171 
692,4,817 
692,5,860 
693,2,147 
693,3,637 
693,3,763 
694,1,195 
694,4,399 
694,5,129 
695,2,731 
695,3,379 
695,3,911 
696,1,563 
696,2,81 
696,2,500 
696,3,98 
696,3,469 
696,4,282 
696,4,626 
697,2,479 
697,2,498 
697,3,340 
697,3,660 
697,5,212 
697,5,262 
697,5,750 
698,3,808 
698,5,702 
698,5,757 
699,1,236 
699,3,957 
700,2,354 
700,3,70 
700,5,155 
701,3,503 
701,4,328 
701,4,934 
702,1,661 
702,2,260 
702,3,432 
702,5,893 
703,1,228 
703,4,243 
703,4,795 
703,5,561 
704,1,449 
704,2,4 
704,4,417 
704,5,244 
705,1,419 
705,2,631 
705,4,395 
705,4,645 
705,5,226 
705,5,916 
707,1,102 
707,3,666 
707,4,709 
707,4,892 
707,5,878 
708,4,462 
709,1,266 
709,1,985 
709,4,185 
709,5,186 
710,1,107 
710,1,889 
710,1,984 
710,2,382 
710,5,121 
710,5,498 
711,1,559 
711,2,454 
711,3,918 
712,4,925 
714,2,141 
714,2,200 
714,2,909 
714,2,921 
714,3,618 
714,5,434 
715,1,666 
715,2,282 
715,2,645 
715,3,248 
716,1,141 
716,1,345 
716,4,533 
716,4,905 
716,5,564 
717,2,802 
717,3,50 
717,3,543 
717,3,689 
717,3,814 
717,5,573 
718,1,286 
718,3,160 
718,4,693 
719,2,79 
719,4,29 
719,5,336 
720,1,996 
720,2,798 
720,2,942 
720,3,230 
721,2,20 
721,5,942 
722,3,560 
723,2,431 
723,2,694 
723,2,856 
723,4,226 
723,4,407 
723,4,408 
723,5,397 
724,1,29 
724,2,106 
724,2,814 
724,3,307 
724,3,393 
724,3,711 
724,5,524 
725,1,262 
725,4,205 
725,4,599 
725,5,23 
725,5,47 
726,1,421 
726,2,281 
727,2,954 
728,3,331 
728,4,307 
729,1,592 
729,2,39 
729,2,301 
729,4,178 
729,5,182 
730,2,535 
730,2,718 
730,2,817 
730,4,562 
730,5,156 
731,1,140 
731,4,389 
731,4,559 
732,1,318 
732,4,202 
732,4,284 
732,5,941 
733,1,268 
733,2,216 
733,2,973 
733,4,722 
733,4,727 
733,5,716 
733,5,867 
734,1,385 
734,1,411 
734,1,926 
734,2,104 
734,2,665 
734,3,121 
734,4,189 
734,4,431 
735,1,917 
735,2,782 
735,3,430 
736,4,157 
737,1,127 
737,1,678 
737,3,489 
737,3,796 
737,3,873 
737,4,23 
737,4,763 
737,4,845 
738,1,639 
738,3,350 
738,3,857 
738,4,906 
738,5,205 
739,1,179 
739,1,713 
739,1,802 
739,2,426 
739,5,84 
739,5,380 
740,2,54 
740,2,635 
740,3,223 
740,3,587 
740,4,289 
740,4,491 
741,4,933 
741,5,459 
742,1,459 
742,1,982 
742,4,366 
743,1,747 
743,2,244 
743,3,122 
743,4,24 
743,5,556 
744,4,77 
744,4,980 
745,3,896 
746,3,970 
746,4,251 
746,4,879 
747,1,503 
747,2,883 
747,3,579 
749,4,744 
749,4,815 
750,1,748 
750,2,574 
750,4,692 
751,1,144 
751,1,443 
751,1,552 
751,2,295 
751,3,564 
751,4,749 
752,2,265 
752,2,811 
752,4,622 
752,5,492 
753,1,466 
753,1,664 
753,2,34 
753,3,510 
753,4,821 
754,2,68 
754,3,22 
754,3,265 
754,3,547 
754,4,970 
755,1,433 
755,3,389 
755,4,706 
756,1,598 
756,4,304 
757,2,709 
757,2,726 
757,3,585 
757,3,692 
757,4,584 
758,1,304 
758,2,735 
758,3,41 
758,3,656 
758,3,697 
758,3,858 
758,5,91 
759,2,553 
759,5,306 
760,1,523 
760,1,648 
760,2,673 
760,3,54 
760,4,615 
760,4,776 
760,5,632 
760,5,925 
761,2,407 
