1009,4,428 
1009,5,185 
1009,5,846 
1010,1,135 
1010,4,596 
1010,4,796 
1011,2,895 
1011,2,924 
1011,3,260 
1011,3,664 
1011,4,688 
1012,1,232 
1012,5,17 
1012,5,697 
1013,2,86 
1013,2,570 
1013,5,48 
1014,1,658 
1014,3,12 
1014,3,477 
1014,3,633 
1014,4,311 
1014,5,594 
1016,3,996 
1016,4,466 
1016,5,211 
1016,5,491 
1017,1,33 
1017,1,702 
1017,2,495 
1017,2,757 
1017,3,218 
1017,3,908 
1017,4,867 
1017,5,557 
1018,1,404 
1018,1,943 
1018,3,143 
1018,3,545 
1018,3,824 
1018,4,151 
1018,5,943 
1019,1,258 
1019,2,702 
1019,3,611 
1019,4,736 
1019,5,915 
1020,2,517 
1020,2,629 
1020,3,108 
1020,4,267 
1021,1,193 
1021,2,503 
1021,3,785 
1022,2,490 
1022,4,697 
1022,4,750 
1022,5,1 
1023,1,126 
1023,1,386 
1023,4,187 
1023,5,304 
1023,5,715 
1024,1,461 
1025,1,157 
1025,2,568 
1025,3,242 
1025,3,325 
1025,3,443 
1025,3,504 
1025,3,655 
1026,1,294 
1026,2,343 
1026,3,563 
1027,1,284 
1027,4,387 
1027,5,256 
1027,5,977 
1028,1,498 
1028,1,672 
1028,3,729 
1028,3,881 
1028,5,744 
1028,5,954 
1029,2,213 
1029,3,698 
1029,4,3 
1030,2,680 
1030,4,334 
1030,4,365 
1030,4,663 
1030,5,44 
1030,5,264 
1030,5,461 
1031,1,35 
1031,1,247 
1031,2,64 
1031,2,516 
1031,4,93 
1031,4,458 
1032,1,495 
1032,1,965 
1032,2,248 
1032,3,188 
1032,4,831 
1032,4,897 
1032,5,220 
1032,5,313 
1032,5,795 
1033,2,487 
1033,3,647 
1033,4,887 
1033,5,818 
1034,1,292 
1034,1,759 
1034,2,198 
1034,2,582 
1034,2,685 
1034,3,361 
1034,4,133 
1035,1,51 
1035,1,145 
1035,3,172 
1035,4,883 
1035,5,73 
1035,5,148 
1035,5,328 
1036,3,189 
1036,3,924 
1036,4,336 
1037,1,76 
1037,1,401 
1037,1,546 
1037,3,444 
1037,3,832 
1037,4,455 
1037,5,145 
1037,5,650 
1037,5,974 
1038,1,24 
1038,1,34 
1038,2,402 
1038,4,553 
1038,5,692 
1039,2,849 
1039,4,799 
1039,5,487 
1039,5,839 
1040,1,382 
1040,1,560 
1040,2,962 
1040,3,747 
1041,2,304 
1041,5,563 
1042,3,752 
1042,5,257 
1043,3,885 
1043,5,740 
1044,1,899 
1044,3,363 
1044,3,872 
1044,3,912 
1044,4,20 
1044,5,529 
1045,1,46 
1045,1,593 
1045,3,311 
1045,3,506 
1045,3,536 
1045,5,693 
1045,5,831 
1046,3,726 
1046,3,748 
1046,4,679 
1047,3,298 
1048,1,9 
1048,3,494 
1048,3,801 
1048,4,600 
1048,4,681 
1048,5,301 
1048,5,885 
1049,1,196 
1049,1,224 
1049,1,245 
1049,4,329 
1050,1,49 
1050,1,151 
1050,1,371 
1050,3,276 
1051,5,643 
1052,1,146 
1052,1,190 
1052,5,989 
1053,1,651 
1053,2,427 
1053,3,10 
1053,4,81 
1053,4,228 
1053,4,754 
1053,5,51 
1054,2,40 
1054,3,582 
1054,3,835 
1054,4,207 
1054,5,135 
1055,1,99 
1055,1,715 
1055,1,773 
1055,2,364 
1055,3,909 
1055,5,684 
1056,4,790 
1057,2,467 
1057,3,142 
1057,4,824 
1058,1,616 
1059,2,947 
1059,3,492 
1059,4,421 
1060,2,322 
1060,3,963 
1060,4,792 
1060,4,848 
1060,5,712 
1061,2,520 
1061,2,600 
1062,1,30 
1062,1,991 
1062,2,55 
1062,2,649 
1062,3,313 
1062,3,322 
1062,4,338 
1063,4,691 
1064,2,45 
1064,2,232 
1064,4,210 
1064,5,365 
1064,5,649 
1065,2,419 
1065,4,698 
1065,5,62 
1066,2,16 
1066,4,252 
1066,4,385 
1066,4,518 
1066,4,851 
1067,1,18 
1067,1,519 
1068,1,529 
1068,1,726 
1068,1,859 
1068,3,566 
1068,3,786 
1068,3,854 
1068,4,512 
1068,4,610 
1068,5,422 
1068,5,640 
1069,1,485 
1070,1,699 
1070,3,77 
1070,3,685 
1070,5,585 
1070,5,882 
1071,1,589 
1072,1,81 
1072,1,509 
1072,2,916 
1072,2,974 
1072,3,11 
1072,3,407 
1072,4,869 
1073,1,849 
1073,4,675 
1074,1,558 
1074,2,560 
1074,3,391 
1074,5,687 
1075,1,20 
1075,1,542 
1075,3,222 
1075,4,923 
1076,1,335 
1076,3,323 
1076,4,343 
1076,5,58 
1077,2,74 
1077,4,952 
1078,3,290 
1078,3,515 
1078,4,265 
1078,4,670 
1078,4,918 
1078,5,669 
1079,1,159 
1079,2,60 
1079,5,273 
1080,1,470 
1080,1,633 
1080,2,95 
1080,2,129 
1080,2,643 
1080,2,790 
1080,3,82 
1080,5,641 
1081,1,743 
1081,2,334 
1081,2,400 
1081,2,523 
1081,3,107 
1081,5,748 
1082,1,483 
1082,3,686 
1082,5,623 
1083,2,227 
1083,2,310 
1083,3,154 
1083,4,44 
1084,2,58 
1084,2,152 
1084,4,37 
1084,4,241 
1084,5,355 
1085,1,322 
1085,3,481 
1085,4,939 
1085,5,363 
1086,1,253 
1086,2,144 
1086,2,247 
1086,3,84 
1086,3,173 
1086,3,364 
1086,3,756 
1087,2,903 
1087,3,114 
1087,3,299 
1087,5,238 
1088,4,70 
1088,4,724 
1088,4,781 
1088,5,189 
1089,3,498 
1089,5,599 
1089,5,734 
1090,1,86 
1090,3,716 
1090,4,459 
1090,5,138 
1090,5,282 
1091,2,677 
1091,3,767 
1091,3,811 
1091,5,527 
1092,1,115 
1092,2,438 
1092,2,845 
1092,4,855 
1093,1,213 
1093,4,231 
1093,5,101 
1095,1,264 
1095,1,477 
1095,2,956 
1095,4,367 
1095,5,978 
1096,1,753 
1096,2,2 
1096,2,827 
1096,3,305 
1096,3,955 
1096,5,40 
1096,5,92 
1097,1,600 
1097,3,643 
1097,5,607 
1097,5,668 
1098,2,705 
1098,3,940 
1098,4,359 
1098,4,625 
1098,5,82 
1099,2,801 
1099,2,995 
1099,3,336 
1099,4,312 
1099,4,477 
1100,1,77 
1100,1,279 
1100,2,949 
1100,2,988 
1100,3,300 
1101,1,62 
1101,1,502 
1101,2,506 
1101,4,659 
1102,3,166 
1102,3,362 
1102,4,218 
1102,4,588 
1103,2,101 
1103,3,348 
1103,3,962 
1103,4,655 
1103,4,717 
1104,1,301 
1104,2,578 
1104,2,885 
1104,3,377 
1104,5,358 
1105,4,59 
1105,4,324 
1105,5,106 
1105,5,403 
1106,1,793 
1106,2,471 
1106,2,816 
1106,2,953 
1106,3,354 
1106,5,655 
1107,1,116 
1107,2,333 
1107,3,390 
1107,3,866 
1107,3,882 
1107,5,18 
1107,5,708 
1108,5,343 
1109,2,303 
1109,2,771 
1109,3,67 
1109,3,333 
1109,3,705 
1109,3,847 
1109,4,14 
1110,1,539 
1110,3,83 
1110,3,175 
1110,4,119 
1110,4,155 
1111,1,807 
1111,3,757 
1111,5,494 
1112,2,870 
1112,3,800 
1112,3,997 
1112,4,982 
1113,2,588 
1113,2,650 
1113,3,454 
1114,4,217 
1114,4,971 
1114,5,45 
1114,5,126 
1114,5,698 
1115,1,387 
1115,2,912 
1115,3,517 
1115,3,942 
1115,5,70 
1115,5,367 
1116,1,78 
1116,1,239 
1116,1,885 
1116,2,70 
1116,3,6 
1116,4,910 
1117,2,610 
1117,2,612 
1117,3,719 
1117,3,988 
1117,4,492 
1117,5,608 
1118,4,714 
1118,5,105 
1118,5,311 
1119,1,114 
1119,1,858 
1119,1,975 
1119,2,238 
1119,4,376 
1119,4,711 
1119,5,319 
1120,1,786 
1120,2,722 
1120,3,848 
1120,5,633 
1121,1,64 
1121,3,318 
1121,3,629 
1121,4,870 
1121,5,849 
1122,1,940 
1122,2,747 
1122,3,640 
1122,5,602 
1123,1,161 
1123,4,634 
