382,1,602 
382,3,803 
382,4,846 
382,5,411 
383,1,845 
383,2,855 
383,4,286 
383,5,236 
383,5,815 
384,1,556 
384,2,208 
384,2,307 
384,4,733 
384,5,269 
385,3,42 
385,3,87 
385,3,449 
385,4,605 
385,4,765 
386,1,361 
386,2,529 
386,4,896 
386,5,866 
387,2,445 
387,2,762 
388,1,66 
388,3,438 
388,5,463 
388,5,475 
389,1,775 
389,5,412 
390,3,493 
390,3,902 
390,5,49 
390,5,453 
391,5,240 
391,5,393 
391,5,735 
391,5,781 
392,1,94 
392,3,297 
392,4,680 
392,4,759 
392,4,885 
392,5,427 
393,1,697 
393,3,652 
393,4,238 
393,4,271 
393,4,511 
393,4,770 
394,1,373 
394,2,619 
394,3,176 
394,4,230 
394,4,836 
394,4,978 
394,5,413 
395,4,402 
395,5,988 
397,2,100 
397,4,545 
398,1,574 
398,1,689 
398,2,108 
398,2,807 
398,4,10 
398,4,96 
398,4,377 
398,4,432 
398,4,731 
399,2,336 
399,3,558 
399,4,523 
399,4,932 
399,5,680 
400,2,138 
400,2,379 
400,2,646 
400,5,354 
401,1,134 
401,2,283 
401,3,249 
401,3,592 
401,5,112 
402,2,889 
402,3,980 
402,4,303 
402,4,838 
402,5,466 
402,5,508 
403,1,572 
403,1,712 
403,4,762 
403,4,994 
404,1,281 
404,1,698 
404,1,919 
404,2,107 
404,3,615 
404,4,986 
404,4,995 
405,1,608 
405,2,732 
406,1,170 
406,2,513 
407,1,515 
407,2,848 
407,2,899 
407,3,168 
407,4,66 
408,2,861 
408,2,992 
408,3,602 
408,5,146 
408,5,596 
409,2,837 
409,3,110 
409,4,158 
409,5,323 
409,5,859 
410,2,163 
410,2,688 
410,2,834 
410,3,371 
411,2,113 
411,2,972 
411,3,917 
412,2,135 
412,2,707 
412,2,749 
412,5,136 
413,1,569 
413,2,237 
414,2,622 
414,3,217 
414,3,256 
415,2,157 
415,2,563 
415,3,405 
415,3,520 
415,3,712 
415,4,51 
415,5,181 
416,2,662 
416,2,900 
417,3,519 
418,4,689 
418,5,65 
418,5,631 
419,2,62 
419,2,863 
419,4,447 
420,2,714 
420,4,293 
420,5,337 
420,5,741 
421,1,527 
421,1,824 
421,2,355 
421,2,392 
421,2,501 
421,3,900 
422,3,53 
422,3,205 
422,4,268 
422,5,42 
423,3,30 
423,3,679 
423,3,816 
423,3,830 
423,3,869 
423,4,316 
423,4,841 
423,4,844 
424,2,347 
424,2,850 
424,4,280 
424,4,748 
425,1,291 
425,1,872 
425,2,241 
425,2,566 
425,3,497 
425,4,671 
425,5,947 
426,1,977 
426,4,76 
426,4,504 
426,5,703 
427,2,160 
428,2,983 
428,4,372 
428,4,708 
428,4,786 
428,4,981 
428,5,451 
429,1,599 
429,3,90 
429,3,491 
429,3,638 
429,5,215 
430,1,778 
430,4,249 
430,4,457 
430,5,775 
431,1,208 
431,1,350 
431,1,366 
431,2,602 
431,4,810 
432,1,21 
432,1,798 
432,3,23 
432,4,25 
432,4,32 
432,5,525 
433,2,161 
433,5,747 
433,5,931 
434,2,838 
434,4,893 
434,5,579 
434,5,648 
435,1,801 
435,2,789 
435,3,445 
435,3,868 
435,5,11 
435,5,694 
436,1,277 
436,2,335 
436,4,563 
436,5,530 
436,5,551 
437,2,306 
437,2,571 
437,4,269 
437,4,454 
438,1,676 
438,2,312 
438,3,554 
438,3,828 
438,3,838 
439,4,577 
439,5,115 
440,4,908 
440,5,140 
441,1,333 
441,3,533 
441,4,451 
441,5,261 
441,5,705 
442,2,494 
442,2,555 
442,2,967 
442,4,229 
442,5,965 
443,2,308 
443,4,828 
443,5,678 
444,4,109 
444,4,321 
444,4,374 
444,4,957 
445,3,267 
445,5,429 
445,5,982 
446,2,416 
446,3,530 
446,3,833 
446,5,97 
446,5,368 
447,2,584 
447,3,49 
447,4,94 
447,5,320 
447,5,645 
447,5,953 
448,1,40 
448,1,866 
448,2,300 
448,2,700 
448,3,94 
448,4,958 
449,1,282 
449,1,887 
449,2,249 
449,2,657 
449,2,960 
449,3,178 
449,4,608 
449,4,641 
449,5,677 
450,2,50 
450,2,540 
450,4,777 
451,1,261 
451,1,493 
451,4,404 
451,5,30 
452,1,358 
452,1,406 
452,5,178 
453,1,250 
453,1,780 
453,2,134 
453,3,247 
453,4,633 
453,4,904 
453,5,391 
454,1,374 
454,3,334 
454,3,461 
454,4,396 
454,4,833 
454,5,478 
455,1,400 
455,4,146 
455,4,176 
455,5,440 
456,1,963 
456,2,290 
456,4,52 
456,4,505 
457,1,966 
457,5,616 
458,2,3 
458,3,537 
458,4,40 
458,4,335 
458,5,927 
459,1,530 
459,1,854 
459,4,263 
459,4,483 
459,5,855 
461,3,901 
461,5,559 
461,6,2 
462,1,492 
462,4,383 
462,5,620 
463,1,166 
463,2,12 
463,5,157 
463,5,720 
464,1,536 
464,2,78 
464,3,941 
464,4,390 
464,4,604 
464,4,996 
464,5,590 
465,1,704 
465,2,153 
465,5,132 
465,5,216 
466,1,584 
466,2,294 
466,5,944 
467,1,865 
467,2,611 
467,4,38 
467,4,296 
468,1,367 
468,2,489 
468,2,847 
468,3,417 
468,3,635 
468,5,293 
468,5,910 
469,3,382 
469,3,490 
469,4,64 
470,2,776 
470,3,581 
470,3,849 
471,1,121 
471,1,839 
471,3,343 
471,3,596 
471,3,827 
471,4,246 
471,5,528 
472,1,685 
472,4,160 
473,2,436 
473,4,201 
474,2,127 
474,2,156 
474,2,565 
474,3,126 
474,3,200 
474,4,607 
475,2,425 
476,1,14 
476,3,691 
477,1,320 
477,1,434 
477,1,816 
477,3,39 
477,4,305 
477,5,242 
478,1,7 
478,2,313 
478,3,456 
478,5,203 
479,2,547 
479,3,600 
480,4,820 
481,2,575 
481,3,381 
481,3,601 
481,4,369 
482,1,221 
482,1,275 
482,2,971 
482,3,549 
482,3,776 
482,3,871 
482,4,597 
483,1,457 
483,1,988 
483,2,733 
483,3,244 
484,2,255 
484,4,443 
484,4,771 
484,5,560 
485,2,224 
485,2,482 
485,4,379 
485,4,793 
485,4,966 
486,1,973 
486,4,872 
486,5,688 
487,1,645 
487,1,989 
487,2,171 
487,2,637 
487,3,522 
487,3,628 
488,1,216 
488,1,711 
488,4,159 
489,1,220 
489,4,236 
489,5,410 
489,5,869 
490,2,761 
490,3,81 
490,3,386 
490,3,949 
490,5,613 
491,5,823 
492,1,437 
492,2,332 
492,4,18 
492,4,463 
492,4,979 
493,1,924 
493,2,388 
493,4,629 
494,1,497 
494,2,146 
495,1,203 
495,2,770 
495,4,277 
495,5,160 
496,3,831 
496,5,147 
496,5,193 
497,1,148 
497,1,884 
497,2,166 
498,2,422 
499,1,100 
499,3,632 
499,4,742 
500,4,974 
500,5,340 
501,1,883 
501,2,210 
501,3,782 
501,5,387 
502,2,593 
502,3,31 
502,3,234 
502,3,616 
502,5,635 
503,1,152 
504,3,240 
504,3,453 
504,4,891 
504,5,21 
505,2,461 
505,3,20 
505,4,235 
