505,5,511 
506,1,42 
506,1,383 
506,5,324 
507,1,467 
507,2,121 
507,2,473 
507,2,664 
507,3,418 
508,3,690 
508,4,142 
509,2,367 
509,3,541 
509,5,774 
510,3,476 
510,3,779 
510,4,413 
510,4,419 
510,5,378 
511,3,270 
511,3,744 
511,4,449 
511,5,634 
512,2,910 
512,3,135 
512,4,479 
512,5,131 
512,5,660 
513,1,370 
513,1,516 
513,2,542 
513,2,640 
513,5,474 
514,5,174 
514,5,628 
514,5,794 
515,1,351 
515,1,657 
515,3,182 
515,5,493 
516,3,13 
516,3,880 
516,5,280 
517,2,605 
517,2,894 
518,2,292 
518,4,997 
519,5,141 
519,5,471 
520,1,108 
520,1,137 
520,1,167 
520,3,275 
520,4,117 
520,5,86 
520,5,303 
520,5,609 
520,5,991 
521,1,106 
521,2,716 
521,3,148 
521,4,823 
521,5,778 
522,4,16 
522,5,187 
523,2,63 
523,3,798 
523,4,8 
523,5,8 
524,1,611 
524,2,795 
524,5,552 
524,5,642 
525,1,586 
525,4,123 
525,5,396 
525,5,939 
526,2,794 
526,3,38 
526,3,626 
526,4,216 
527,1,756 
527,2,83 
527,2,548 
527,4,931 
528,1,199 
528,1,510 
529,3,910 
529,4,555 
530,1,10 
530,1,881 
530,1,992 
530,5,271 
530,5,509 
531,1,59 
531,1,622 
531,1,937 
531,2,328 
531,3,680 
531,3,966 
531,4,150 
531,4,719 
532,1,532 
532,2,546 
532,3,610 
532,5,402 
533,1,902 
533,2,330 
533,3,894 
533,4,198 
533,4,225 
533,5,151 
533,5,817 
534,1,43 
534,3,484 
534,4,531 
534,4,665 
534,5,791 
535,1,162 
535,2,109 
535,3,289 
535,4,481 
535,5,234 
536,1,112 
536,1,482 
536,5,102 
537,1,803 
538,1,41 
538,4,547 
538,4,953 
539,2,167 
539,2,327 
539,2,691 
540,1,416 
540,1,788 
540,3,721 
541,5,383 
541,5,725 
542,2,222 
542,2,639 
542,3,784 
542,4,174 
542,5,144 
543,2,38 
544,1,541 
545,2,896 
545,3,441 
545,4,773 
546,1,638 
546,1,860 
546,3,170 
546,3,365 
546,3,874 
546,5,486 
546,5,936 
547,1,981 
547,4,751 
547,5,76 
547,5,385 
547,5,756 
548,1,427 
548,3,775 
548,5,972 
549,4,351 
549,5,701 
550,1,944 
550,2,606 
550,2,780 
550,2,891 
550,3,774 
550,3,887 
550,5,322 
551,1,346 
551,1,986 
551,4,729 
551,4,830 
552,2,616 
553,4,541 
554,1,564 
554,3,569 
554,3,663 
555,1,431 
555,2,297 
555,2,592 
555,2,672 
555,4,195 
555,5,685 
556,1,634 
556,3,715 
556,4,494 
556,4,699 
556,5,930 
557,3,369 
558,4,807 
558,4,827 
558,5,229 
558,5,891 
559,3,257 
559,3,385 
560,4,184 
560,5,120 
561,1,231 
561,1,243 
561,3,937 
562,1,4 
562,1,131 
562,1,933 
562,3,34 
562,3,74 
563,2,170 
563,3,73 
563,3,355 
563,4,647 
563,4,944 
563,5,233 
563,5,955 
564,1,280 
564,1,746 
564,2,84 
564,3,144 
564,5,184 
564,5,647 
564,5,658 
565,1,32 
565,1,800 
565,2,254 
567,2,236 
567,2,358 
567,2,743 
567,4,95 
568,2,755 
568,4,291 
568,4,341 
569,2,950 
569,3,704 
570,1,402 
570,5,729 
571,2,476 
571,3,509 
571,4,344 
571,4,378 
571,4,895 
572,1,1 
572,1,316 
572,1,797 
572,2,418 
572,3,404 
572,4,58 
572,5,245 
573,4,57 
573,5,124 
573,5,504 
574,1,450 
574,1,879 
574,3,192 
574,3,646 
574,4,538 
575,2,599 
575,4,682 
575,4,901 
576,1,413 
576,1,673 
576,3,631 
576,4,947 
577,1,65 
577,2,136 
577,2,539 
577,2,704 
577,5,127 
577,5,517 
577,5,768 
578,2,211 
578,4,476 
578,5,154 
578,5,724 
579,1,299 
579,2,879 
579,5,470 
580,2,468 
580,2,911 
580,3,951 
580,5,218 
581,1,757 
581,2,384 
581,4,264 
581,4,662 
581,4,791 
581,5,576 
582,1,825 
582,1,896 
582,5,268 
583,4,9 
583,4,661 
583,4,818 
584,1,57 
584,1,92 
584,1,214 
584,1,605 
584,1,732 
584,2,658 
584,2,925 
585,1,554 
585,4,529 
585,5,691 
586,3,557 
586,3,594 
587,1,573 
587,3,992 
587,5,726 
587,5,836 
588,1,785 
588,1,911 
588,2,274 
588,2,919 
588,5,502 
588,5,714 
589,1,668 
589,2,781 
589,3,27 
589,4,115 
589,4,649 
589,5,476 
590,1,296 
590,2,536 
590,3,95 
590,3,141 
590,4,863 
590,5,626 
591,1,453 
591,1,722 
591,3,991 
591,5,15 
591,5,194 
592,3,573 
592,4,730 
592,5,630 
593,1,670 
593,2,142 
593,2,844 
593,5,892 
593,5,918 
594,2,897 
594,4,578 
594,4,969 
595,1,576 
595,1,688 
595,3,43 
595,4,65 
595,4,991 
596,1,995 
596,2,155 
596,5,221 
597,1,362 
597,2,65 
597,2,715 
597,3,694 
598,1,857 
598,4,797 
598,4,839 
599,1,330 
599,1,971 
599,2,675 
599,5,133 
599,5,161 
600,1,734 
600,2,412 
600,3,818 
600,5,299 
601,2,311 
601,2,959 
601,3,14 
601,3,78 
601,5,251 
602,1,226 
602,1,505 
602,3,920 
602,4,858 
602,5,454 
603,1,5 
603,2,124 
603,3,291 
603,4,427 
603,4,803 
604,1,17 
604,3,279 
604,4,669 
604,5,745 
604,5,816 
605,1,781 
605,1,855 
605,3,295 
606,1,701 
606,2,93 
606,2,110 
606,2,359 
606,2,918 
606,4,127 
607,4,561 
607,5,259 
607,5,722 
608,1,441 
608,4,945 
609,1,200 
609,1,538 
609,2,394 
609,2,628 
609,3,644 
609,3,842 
609,4,135 
609,5,889 
610,1,874 
610,3,368 
610,4,951 
610,5,33 
610,5,83 
611,2,927 
611,3,459 
611,3,488 
611,4,71 
612,2,767 
612,4,62 
612,4,587 
612,4,993 
613,1,987 
613,2,904 
613,4,881 
614,3,225 
614,3,474 
614,5,555 
615,2,764 
615,3,1 
615,4,472 
616,2,404 
616,3,402 
616,3,668 
616,3,669 
616,3,855 
616,4,899 
616,4,983 
616,5,809 
616,5,890 
617,2,745 
617,3,328 
618,1,583 
618,2,914 
618,3,939 
618,5,46 
619,1,535 
619,4,502 
620,1,336 
620,2,85 
620,3,219 
620,5,591 
620,5,968 
621,2,641 
621,4,871 
622,3,235 
622,3,843 
622,4,694 
622,5,395 
623,1,147 
624,1,460 
624,1,736 
624,2,298 
624,2,315 
624,2,449 
624,3,139 
625,1,649 
625,2,676 
625,3,332 
625,3,613 
625,3,624 
625,5,458 
626,1,142 
626,1,742 
626,2,866 
627,2,417 
627,3,462 
627,4,42 
627,5,317 
628,2,365 
628,4,926 
629,3,287 
629,3,534 
629,4,199 
630,1,113 
630,1,298 
630,2,430 
630,4,139 
630,5,771 
631,1,737 
631,3,106 
631,4,370 
632,2,31 
632,2,869 
632,4,409 
633,2,462 
633,4,594 
634,2,957 
634,4,183 
