886,5,806 
887,3,508 
887,4,875 
888,2,766 
888,3,605 
888,4,318 
888,4,755 
889,5,204 
890,1,274 
890,1,376 
890,1,520 
890,3,339 
890,4,847 
891,1,230 
891,1,834 
891,2,797 
891,3,754 
892,1,499 
892,2,443 
892,3,617 
893,2,695 
893,4,98 
893,4,965 
893,5,232 
894,1,814 
894,2,351 
895,3,5 
895,3,472 
895,4,253 
896,1,537 
896,1,595 
896,3,580 
896,5,179 
897,1,830 
897,3,33 
897,3,55 
897,4,134 
897,4,653 
897,5,374 
897,5,695 
898,1,640 
898,1,942 
898,4,666 
898,4,874 
898,5,43 
898,5,344 
899,1,818 
899,3,914 
899,5,104 
899,5,759 
899,5,986 
899,6,1 
900,1,37 
900,2,27 
900,2,854 
900,4,105 
900,4,116 
900,4,515 
901,1,525 
901,2,67 
901,2,634 
901,2,969 
901,3,978 
901,4,147 
901,5,381 
902,1,494 
902,2,32 
902,2,370 
902,5,733 
902,5,896 
903,2,37 
903,4,85 
903,4,204 
904,2,375 
904,3,450 
904,3,708 
905,3,397 
905,4,161 
905,4,192 
906,2,887 
906,3,208 
906,5,209 
906,5,710 
907,1,278 
907,1,941 
907,4,222 
907,4,919 
907,4,960 
907,5,103 
908,1,150 
908,1,938 
908,2,194 
908,3,7 
908,4,188 
908,5,826 
909,2,434 
909,2,994 
910,4,182 
910,5,90 
911,2,103 
911,5,575 
912,2,165 
912,2,561 
912,2,739 
912,3,174 
912,3,245 
912,3,486 
912,4,41 
912,4,223 
912,5,332 
912,5,390 
912,5,819 
913,1,462 
913,1,929 
913,2,697 
914,2,829 
914,4,86 
914,4,873 
916,1,211 
916,1,372 
916,3,977 
917,1,618 
917,1,700 
917,2,320 
917,4,802 
918,2,410 
918,2,963 
919,1,928 
919,2,980 
919,3,198 
920,3,501 
920,4,144 
921,1,54 
921,1,405 
921,5,150 
921,5,584 
921,5,837 
922,1,683 
922,1,831 
922,5,291 
923,2,690 
923,3,266 
923,4,384 
924,2,638 
924,2,840 
924,4,644 
924,5,723 
925,1,149 
925,3,153 
925,5,265 
926,1,130 
926,2,356 
926,5,418 
927,1,787 
927,2,253 
927,4,274 
927,5,888 
928,1,337 
928,2,632 
929,1,908 
929,3,451 
929,3,709 
929,5,228 
930,3,707 
930,4,203 
930,4,333 
930,4,340 
930,4,342 
931,3,57 
931,3,905 
932,1,568 
932,3,514 
932,3,584 
932,4,354 
932,4,450 
933,1,578 
933,5,200 
933,5,436 
933,5,443 
934,1,740 
934,2,371 
934,2,970 
934,4,852 
935,1,44 
935,1,271 
935,3,197 
935,4,180 
935,5,275 
936,3,112 
936,4,287 
936,4,348 
936,5,50 
937,1,724 
937,2,369 
937,2,865 
937,4,410 
937,5,351 
937,5,546 
938,1,218 
938,1,654 
938,2,337 
938,2,901 
938,5,548 
938,5,706 
938,5,987 
939,1,438 
939,2,361 
939,2,940 
939,3,440 
939,3,897 
939,5,308 
939,5,326 
940,1,72 
940,1,665 
940,2,642 
941,1,863 
941,2,130 
941,3,113 
941,3,321 
941,4,288 
941,5,543 
942,2,737 
942,3,788 
942,4,532 
942,5,736 
943,2,544 
943,2,656 
943,3,661 
943,4,490 
943,5,74 
943,5,880 
944,3,102 
944,3,895 
944,4,949 
945,1,980 
946,4,179 
946,4,368 
946,4,542 
946,5,862 
947,2,239 
947,2,420 
947,3,317 
948,2,212 
948,5,843 
949,1,776 
949,1,838 
949,3,922 
949,4,522 
949,5,19 
950,1,764 
950,3,357 
950,3,372 
951,2,415 
951,4,484 
951,5,315 
952,1,354 
952,2,240 
952,3,341 
952,3,674 
952,3,931 
952,6,3 
953,1,357 
953,2,395 
953,3,899 
953,4,566 
953,4,877 
954,4,247 
955,1,381 
955,1,864 
955,2,385 
955,2,480 
955,3,61 
956,2,372 
956,3,378 
956,4,68 
956,4,446 
956,4,854 
956,5,802 
957,1,617 
957,1,794 
957,2,580 
957,4,631 
957,5,362 
957,5,808 
957,5,897 
957,5,906 
957,5,923 
958,2,205 
958,2,878 
959,1,255 
959,1,964 
959,3,309 
959,3,728 
959,5,786 
960,1,751 
960,3,892 
960,5,314 
960,5,455 
961,1,163 
961,1,903 
961,2,660 
962,2,550 
962,5,116 
963,2,496 
963,2,871 
963,3,129 
963,4,331 
963,4,914 
963,5,246 
964,2,884 
964,2,932 
964,4,988 
964,5,255 
965,4,99 
965,4,673 
966,1,458 
966,1,581 
966,2,321 
966,5,519 
967,1,153 
967,1,524 
967,1,812 
967,1,906 
967,4,916 
967,4,946 
967,5,152 
968,3,183 
968,5,449 
968,5,686 
969,2,670 
969,2,979 
969,3,91 
969,3,479 
969,3,675 
969,4,233 
969,5,117 
970,2,474 
970,4,620 
971,1,325 
971,1,791 
971,1,932 
971,5,281 
971,5,335 
971,5,468 
972,2,453 
972,2,748 
972,4,437 
974,1,875 
974,3,17 
974,3,374 
974,4,156 
974,5,93 
975,1,178 
975,2,853 
975,3,540 
975,4,861 
975,5,479 
976,2,615 
976,2,736 
976,4,660 
976,4,809 
977,2,556 
977,2,923 
977,4,297 
978,2,49 
978,2,413 
978,2,647 
978,3,366 
978,4,220 
979,1,52 
979,1,412 
979,1,474 
979,4,560 
979,4,595 
979,5,670 
980,1,3 
980,1,660 
980,3,526 
980,4,787 
981,2,929 
981,5,266 
981,5,700 
982,1,168 
982,1,191 
982,3,134 
982,4,190 
982,4,507 
982,4,715 
983,1,375 
983,1,428 
983,1,480 
983,2,285 
983,2,524 
983,3,550 
984,1,256 
984,2,217 
984,2,965 
984,3,682 
984,4,489 
984,4,753 
984,4,890 
985,2,625 
985,4,423 
986,1,531 
986,1,628 
986,2,824 
986,3,161 
986,4,132 
986,5,762 
987,1,607 
987,2,174 
987,5,847 
988,1,804 
988,2,463 
988,3,531 
988,4,903 
988,5,183 
988,5,477 
988,5,879 
989,1,313 
989,2,469 
989,5,359 
989,5,945 
990,3,428 
990,5,920 
991,2,338 
991,3,130 
991,4,642 
992,2,803 
992,3,930 
992,4,100 
992,5,195 
993,1,877 
993,2,457 
993,2,567 
993,3,228 
993,3,420 
993,4,360 
994,2,380 
994,3,875 
994,5,912 
995,2,531 
996,2,28 
996,2,329 
996,2,572 
996,3,349 
996,5,108 
997,1,50 
997,1,175 
997,2,773 
997,2,944 
997,3,283 
997,3,975 
997,4,375 
998,3,167 
998,3,825 
998,4,486 
998,5,224 
999,2,851 
999,3,204 
999,3,216 
999,4,237 
999,4,273 
999,5,109 
1000,1,19 
1000,1,508 
1000,1,709 
1000,3,152 
1000,3,606 
1000,4,154 
1001,1,324 
1001,1,342 
1001,2,30 
1001,3,642 
1002,1,526 
1002,1,783 
1002,2,289 
1002,2,678 
1002,3,319 
1002,5,926 
1003,2,131 
1003,5,536 
1003,5,870 
1004,2,447 
1004,2,890 
1004,4,30 
1005,1,391 
1005,2,549 
1005,2,626 
1006,1,755 
1006,3,347 
1006,4,145 
1007,4,478 
1007,5,520 
1008,1,61 
1008,1,518 
1008,4,527 
1008,5,307 
1008,5,934 
1009,1,55 
