134,3,193 
135,1,693 
135,3,883 
135,4,540 
136,1,675 
136,2,48 
136,3,227 
137,1,124 
137,1,955 
137,2,459 
137,2,674 
138,1,197 
138,5,227 
139,3,570 
139,3,651 
139,4,580 
139,4,928 
139,5,917 
140,1,663 
140,4,453 
140,5,485 
140,5,877 
141,4,19 
141,4,239 
142,1,891 
142,4,72 
142,4,111 
143,1,662 
143,2,331 
143,4,314 
143,5,302 
143,5,389 
144,5,219 
144,5,929 
145,2,551 
145,3,799 
145,3,852 
145,4,337 
146,4,254 
147,2,613 
147,3,421 
147,4,313 
148,1,694 
148,3,150 
149,1,978 
149,2,810 
149,3,945 
149,4,414 
149,5,408 
149,5,638 
149,5,979 
150,1,123 
150,1,790 
150,4,471 
151,1,352 
151,1,442 
151,2,192 
151,3,813 
151,4,470 
151,4,617 
151,4,713 
152,1,809 
152,2,754 
152,3,19 
152,3,478 
152,3,512 
152,5,606 
153,1,177 
153,2,123 
153,2,186 
153,5,252 
154,1,895 
154,4,493 
154,4,564 
155,2,172 
155,2,518 
155,2,876 
155,3,71 
155,3,797 
155,3,860 
155,4,756 
155,4,929 
155,5,41 
155,5,865 
156,1,287 
156,1,500 
156,1,580 
156,3,659 
156,4,88 
156,4,880 
156,5,431 
156,5,472 
157,4,686 
157,5,69 
158,3,124 
158,3,614 
158,5,707 
159,1,909 
159,3,572 
159,5,779 
160,2,558 
160,5,341 
160,5,345 
161,3,0 
161,4,898 
162,1,129 
162,1,901 
162,2,326 
162,2,760 
162,2,968 
162,3,671 
163,1,959 
163,3,16 
163,3,184 
163,5,239 
164,1,201 
164,1,738 
164,5,166 
165,1,12 
165,2,596 
165,3,551 
165,3,740 
165,4,91 
165,4,295 
165,4,591 
166,2,533 
166,4,569 
166,5,88 
166,5,534 
166,5,960 
167,2,825 
167,3,258 
167,5,825 
168,3,431 
168,5,347 
169,2,344 
169,2,922 
169,3,63 
169,3,529 
169,3,677 
169,4,510 
169,5,287 
170,2,585 
170,2,595 
170,2,621 
170,2,819 
170,3,731 
170,3,840 
170,4,735 
171,1,577 
171,2,390 
171,2,774 
171,5,761 
172,2,272 
172,5,604 
173,3,770 
174,1,388 
174,3,535 
175,2,5 
175,2,604 
175,3,586 
175,4,859 
175,5,165 
176,2,15 
176,2,346 
176,2,483 
176,3,2 
176,3,156 
176,3,433 
176,3,958 
176,5,37 
176,5,611 
177,1,326 
177,1,451 
177,1,540 
177,2,505 
177,4,69 
177,4,684 
177,5,31 
178,1,38 
178,1,613 
178,2,271 
178,2,491 
178,2,573 
178,3,984 
178,4,485 
178,4,690 
178,5,507 
179,5,532 
180,3,648 
181,2,13 
181,2,689 
181,2,779 
181,3,574 
181,4,43 
181,4,552 
181,5,671 
181,5,873 
182,2,72 
182,2,955 
182,3,463 
182,3,568 
182,5,853 
183,1,119 
183,4,701 
183,5,386 
184,1,805 
185,1,252 
185,2,203 
185,3,272 
185,5,629 
185,5,765 
186,1,377 
186,2,168 
186,3,104 
186,3,649 
186,4,785 
186,5,12 
186,5,737 
187,4,611 
187,5,830 
187,5,883 
188,2,57 
189,1,719 
189,4,412 
190,1,154 
190,1,571 
190,1,934 
190,2,234 
190,4,430 
191,1,248 
191,1,999 
191,2,666 
191,2,710 
191,3,116 
191,3,713 
191,4,977 
191,5,516 
192,2,118 
192,4,636 
192,5,618 
193,2,348 
193,2,679 
193,4,862 
193,5,601 
194,1,936 
194,2,485 
194,2,792 
194,4,211 
195,1,777 
195,2,893 
195,3,750 
195,4,339 
196,1,27 
196,1,308 
196,5,523 
197,1,983 
197,3,278 
197,4,433 
197,5,542 
197,5,773 
198,1,53 
198,1,120 
198,2,623 
198,4,758 
199,1,840 
199,2,19 
200,1,172 
200,2,477 
200,2,586 
200,4,165 
201,2,280 
201,2,772 
201,4,242 
201,4,574 
202,3,548 
202,3,810 
203,1,614 
203,1,848 
203,2,598 
204,3,538 
204,4,208 
205,1,28 
205,1,242 
205,2,243 
205,2,266 
205,2,978 
205,3,100 
205,3,376 
206,2,46 
207,1,619 
207,1,880 
207,2,667 
207,3,119 
207,5,122 
208,1,862 
208,3,466 
208,4,936 
208,5,484 
209,1,766 
209,1,972 
209,2,288 
209,2,340 
209,2,478 
209,3,915 
209,4,482 
210,4,825 
210,5,727 
211,1,904 
211,2,362 
211,4,712 
211,5,110 
212,1,900 
212,3,195 
212,4,464 
212,4,783 
212,5,456 
212,5,627 
213,2,712 
213,4,393 
213,5,290 
213,5,605 
214,1,796 
214,2,769 
214,4,886 
215,1,143 
215,5,717 
216,1,625 
216,3,981 
216,4,592 
217,5,171 
218,1,870 
218,2,813 
218,4,975 
218,5,718 
219,1,596 
219,1,844 
219,4,441 
219,5,13 
219,5,919 
220,1,511 
220,1,606 
220,4,567 
220,4,917 
220,5,28 
220,5,250 
220,5,796 
221,1,205 
221,3,746 
222,3,946 
222,4,420 
222,5,521 
223,2,43 
223,3,999 
224,2,428 
224,2,752 
225,2,125 
225,2,269 
225,3,473 
226,1,240 
226,1,912 
226,3,542 
227,1,339 
227,1,659 
227,2,439 
227,2,946 
227,3,268 
227,3,502 
228,2,964 
228,3,24 
228,3,48 
228,4,627 
229,1,180 
229,2,559 
229,3,215 
229,5,309 
230,2,279 
230,3,403 
230,3,612 
230,4,173 
230,4,571 
231,1,101 
231,2,577 
231,3,304 
231,4,21 
231,4,745 
231,4,757 
231,4,920 
231,5,99 
232,2,751 
232,3,264 
232,3,989 
232,5,369 
232,5,829 
233,2,88 
233,4,373 
233,4,816 
233,5,644 
234,1,432 
234,1,749 
234,3,925 
235,3,117 
235,3,986 
236,1,164 
236,1,998 
236,3,419 
237,1,174 
237,1,763 
237,2,91 
238,3,839 
238,4,152 
238,4,521 
238,4,570 
238,5,886 
239,1,188 
239,1,408 
239,1,720 
239,1,842 
239,3,72 
239,4,473 
240,1,393 
240,2,881 
240,5,371 
240,5,375 
240,5,588 
241,1,489 
241,5,496 
242,1,425 
242,3,239 
242,4,411 
242,4,416 
243,4,474 
243,5,845 
243,5,963 
243,5,966 
244,3,312 
245,1,621 
245,2,140 
245,2,228 
245,2,729 
245,3,863 
245,3,967 
246,2,357 
246,2,484 
247,2,233 
247,3,890 
247,4,439 
248,1,364 
248,3,678 
248,5,284 
248,5,662 
249,1,774 
249,1,923 
249,2,360 
249,5,159 
249,5,447 
250,2,991 
250,5,752 
251,2,267 
251,2,368 
251,2,708 
251,3,394 
251,3,641 
251,3,733 
251,4,720 
252,1,13 
252,2,836 
252,2,961 
253,1,647 
253,3,346 
253,3,933 
253,4,514 
254,3,867 
254,4,460 
254,4,764 
254,4,984 
254,5,267 
254,5,800 
254,5,898 
255,1,198 
255,2,137 
255,2,742 
255,2,822 
255,4,761 
255,5,325 
255,5,895 
256,1,491 
256,2,185 
256,3,455 
256,3,768 
256,5,832 
257,1,187 
257,3,749 
257,4,900 
258,2,786 
258,3,149 
258,3,528 
258,4,97 
259,1,550 
259,4,213 
