761,2,508 
761,4,276 
762,1,25 
762,1,394 
762,2,252 
762,2,345 
762,2,661 
762,3,109 
762,3,310 
762,3,936 
762,4,582 
762,5,192 
763,1,533 
763,2,693 
764,1,950 
764,3,714 
764,4,4 
764,4,840 
764,5,462 
765,1,575 
765,2,522 
765,4,551 
766,1,821 
766,1,957 
766,3,145 
766,3,436 
766,3,500 
766,3,889 
766,4,89 
766,4,536 
767,1,914 
767,3,380 
767,3,513 
767,4,292 
767,4,738 
767,4,968 
767,5,388 
768,3,934 
768,5,597 
769,1,429 
769,1,565 
769,1,623 
769,2,89 
769,2,278 
769,5,571 
769,5,577 
770,1,856 
770,3,877 
771,1,267 
771,2,653 
771,4,214 
771,4,922 
772,1,684 
772,3,137 
772,5,128 
773,2,117 
773,3,928 
773,4,103 
773,5,176 
773,5,780 
773,5,908 
774,3,851 
774,5,442 
775,1,185 
775,1,418 
775,3,667 
775,4,400 
775,5,619 
775,5,789 
776,1,594 
776,1,897 
776,2,242 
776,3,521 
776,5,52 
776,5,172 
776,5,909 
777,1,48 
777,3,60 
777,3,388 
777,3,736 
777,3,841 
777,4,902 
778,2,319 
778,3,28 
778,3,822 
778,5,254 
778,5,300 
779,1,206 
779,2,846 
779,3,181 
779,3,793 
779,5,652 
780,4,332 
780,4,364 
780,4,398 
780,5,14 
781,1,667 
781,2,448 
781,2,977 
781,4,54 
781,4,362 
782,2,399 
782,2,576 
782,4,143 
782,4,581 
783,1,561 
783,1,990 
783,5,113 
784,1,265 
784,1,686 
784,1,723 
784,1,871 
785,2,618 
785,2,746 
785,3,157 
785,3,400 
786,3,898 
786,5,9 
787,1,935 
787,2,644 
787,3,345 
788,1,22 
788,2,97 
788,2,460 
788,2,581 
788,2,791 
788,3,859 
788,4,788 
788,4,800 
788,5,900 
789,4,121 
789,4,386 
789,4,888 
790,2,204 
790,2,526 
790,2,668 
790,3,968 
790,4,583 
790,5,401 
790,5,699 
791,1,95 
791,1,217 
791,1,496 
791,3,80 
791,4,270 
791,4,639 
791,5,959 
792,5,114 
792,5,407 
793,2,286 
793,2,569 
793,5,213 
793,5,327 
794,4,322 
794,4,356 
794,4,438 
795,1,39 
795,2,164 
795,3,734 
795,4,496 
795,4,695 
796,4,526 
796,5,57 
796,5,288 
797,1,244 
797,1,534 
797,5,295 
798,1,892 
798,2,183 
798,4,196 
798,4,664 
799,2,377 
799,2,648 
799,3,274 
799,4,224 
799,5,415 
800,3,140 
800,3,571 
801,3,424 
801,3,769 
802,2,220 
802,2,464 
802,4,638 
803,1,396 
803,3,599 
803,4,137 
803,5,329 
804,1,817 
804,3,662 
804,4,50 
804,4,806 
804,5,450 
805,1,544 
805,3,552 
806,1,344 
806,2,115 
806,3,99 
807,1,417 
807,1,913 
807,2,386 
807,2,633 
807,3,158 
808,1,714 
808,2,892 
808,3,783 
808,4,315 
808,5,222 
808,5,489 
809,1,390 
809,2,17 
809,4,498 
809,4,524 
810,1,365 
810,1,754 
810,4,148 
810,5,970 
811,1,327 
811,3,425 
811,4,549 
812,3,673 
812,3,771 
812,5,169 
812,5,191 
813,1,888 
813,2,389 
813,5,119 
814,1,0 
814,1,882 
814,3,3 
814,4,140 
815,3,758 
816,1,612 
816,1,650 
816,3,392 
816,4,83 
816,5,651 
816,5,657 
816,5,821 
817,1,368 
817,2,591 
817,3,211 
817,3,471 
817,5,683 
818,1,75 
818,1,890 
818,2,809 
818,3,285 
818,5,377 
819,2,199 
819,2,793 
819,3,131 
819,3,271 
819,3,773 
819,4,209 
819,5,356 
820,2,66 
820,4,84 
820,4,308 
821,1,307 
821,5,924 
822,1,960 
822,5,956 
823,2,527 
823,2,614 
823,2,958 
823,3,151 
823,3,232 
823,4,141 
823,5,674 
824,1,729 
824,3,485 
824,4,197 
824,5,424 
825,1,750 
825,3,416 
825,4,67 
826,1,454 
826,3,209 
826,4,36 
826,4,256 
826,4,266 
826,5,568 
827,1,609 
827,1,876 
827,3,236 
827,3,621 
828,1,302 
828,3,238 
828,3,281 
829,1,85 
829,5,190 
829,5,764 
830,4,683 
830,5,72 
831,3,525 
831,4,22 
831,4,258 
831,4,798 
831,5,134 
831,5,574 
832,5,241 
832,5,350 
832,5,967 
833,2,552 
833,4,126 
833,4,325 
833,5,426 
833,5,932 
834,2,154 
834,3,26 
834,3,985 
834,4,943 
835,1,235 
835,1,435 
835,2,230 
836,2,601 
837,1,399 
837,2,738 
837,3,51 
837,3,120 
837,3,722 
837,4,240 
838,1,677 
839,2,92 
840,1,770 
840,4,320 
841,1,338 
841,2,943 
841,3,772 
841,4,130 
841,4,992 
843,4,779 
843,5,118 
843,5,495 
843,5,993 
844,1,820 
844,2,61 
845,1,615 
845,4,136 
845,5,39 
846,1,822 
846,3,243 
846,3,990 
846,4,956 
847,2,860 
847,5,503 
847,5,864 
848,3,85 
848,3,693 
848,4,78 
849,1,587 
849,3,452 
849,4,394 
849,5,428 
849,5,441 
849,5,667 
850,2,456 
850,2,783 
850,5,480 
851,1,488 
851,2,201 
851,2,873 
851,3,597 
851,3,806 
851,4,319 
851,5,55 
852,1,73 
852,1,379 
852,2,196 
852,4,87 
852,4,244 
852,4,415 
853,2,276 
853,3,199 
853,4,452 
853,5,421 
854,1,23 
854,1,410 
854,2,989 
855,1,847 
855,2,143 
855,5,558 
855,5,610 
856,2,759 
856,3,903 
857,1,96 
857,1,513 
858,1,473 
858,2,583 
858,3,853 
858,5,569 
858,5,785 
859,1,446 
859,3,765 
859,4,752 
859,4,857 
859,5,139 
859,5,283 
860,2,317 
860,3,262 
860,4,90 
861,2,18 
861,2,114 
861,2,437 
861,4,175 
861,5,500 
862,2,981 
862,3,302 
862,3,888 
863,1,6 
863,1,696 
863,1,727 
863,2,9 
863,3,676 
863,4,391 
863,4,467 
864,1,83 
864,1,424 
864,5,838 
865,2,465 
866,3,817 
866,4,501 
866,4,550 
866,5,857 
868,2,414 
868,2,441 
868,5,130 
869,2,190 
869,2,466 
869,5,861 
870,3,253 
870,3,480 
870,3,604 
871,1,184 
871,3,657 
871,4,778 
871,5,430 
871,5,572 
871,5,763 
872,2,820 
872,4,302 
872,4,614 
872,5,7 
872,5,913 
873,1,305 
873,1,869 
873,3,252 
873,3,938 
873,4,131 
873,4,889 
873,5,713 
874,1,229 
874,1,948 
874,2,350 
874,3,575 
874,3,639 
874,3,864 
875,2,44 
876,2,342 
876,3,410 
876,4,323 
877,1,288 
877,1,730 
877,2,804 
877,3,737 
877,3,979 
877,4,676 
877,5,207 
878,3,165 
878,3,263 
878,5,600 
878,5,901 
879,2,888 
880,2,398 
880,5,751 
880,5,884 
881,1,238 
881,2,268 
881,2,996 
881,4,635 
881,4,941 
882,1,708 
882,1,843 
882,2,158 
882,5,787 
883,2,35 
883,3,25 
883,3,464 
883,4,435 
884,1,463 
884,4,347 
884,5,353 
885,1,82 
885,1,784 
885,4,702 
885,5,158 
885,5,366 
885,5,438 
886,1,136 
886,4,868 
